shape_id,shape_pt_lat,shape_pt_lon,shape_pt_sequence,shape_dist_traveled
43972,40.037991,-82.963090,1,0.0000
43972,40.037709,-82.963209,2,0.0335
43972,40.037421,-82.962487,3,0.1024
43972,40.035772,-82.963244,4,0.2982
43972,40.035603,-82.963326,5,0.3184
43972,40.035300,-82.963438,6,0.3536
43972,40.035107,-82.963514,7,0.3757
43972,40.034834,-82.963573,8,0.4071
43972,40.034637,-82.963617,9,0.4295
43972,40.034491,-82.963641,10,0.4456
43972,40.034160,-82.963717,11,0.4831
43972,40.033814,-82.963789,12,0.5226
43972,40.033676,-82.963816,13,0.5388
43972,40.033261,-82.963865,14,0.5850
43972,40.032869,-82.963897,15,0.6291
43972,40.032753,-82.963906,16,0.6421
43972,40.032514,-82.963925,17,0.6692
43972,40.032034,-82.963977,18,0.7233
43972,40.032026,-82.963973,19,0.7233
43972,40.031670,-82.964005,20,0.7634
43972,40.031677,-82.964009,21,0.7634
43972,40.031309,-82.964039,22,0.8045
43972,40.030952,-82.964071,23,0.8447
43972,40.030792,-82.964078,24,0.8627
43972,40.030785,-82.964074,25,0.8627
43972,40.030321,-82.964113,26,0.9147
43972,40.030328,-82.964117,27,0.9147
43972,40.029897,-82.964155,28,0.9629
43972,40.029730,-82.964169,29,0.9819
43972,40.029505,-82.964189,30,1.0070
43972,40.029020,-82.964219,31,1.0611
43972,40.028601,-82.964250,32,1.1082
43972,40.028135,-82.964288,33,1.1602
43972,40.027527,-82.964334,34,1.2284
43972,40.026933,-82.964386,35,1.2955
43972,40.026556,-82.964418,36,1.3376
43972,40.025594,-82.964488,37,1.4458
43972,40.025270,-82.964520,38,1.4819
43972,40.024575,-82.964583,39,1.5601
43972,40.023927,-82.964634,40,1.6332
43972,40.023667,-82.964664,41,1.6624
43972,40.023098,-82.964717,42,1.7265
43972,40.022754,-82.964750,43,1.7646
43972,40.021751,-82.964813,44,1.8777
43972,40.021033,-82.964864,45,1.9579
43972,40.020842,-82.964877,46,1.9789
43972,40.020736,-82.964889,47,1.9910
43972,40.020174,-82.964939,48,2.0541
43972,40.019707,-82.964981,49,2.1072
43972,40.019026,-82.965034,50,2.1833
43972,40.018690,-82.965061,51,2.2215
43972,40.017800,-82.965124,52,2.3206
43972,40.017317,-82.965156,53,2.3747
43972,40.017084,-82.965283,54,2.4029
43972,40.016445,-82.965674,55,2.4821
43972,40.016366,-82.965725,56,2.4919
43972,40.015479,-82.966271,57,2.6015
43972,40.014801,-82.966685,58,2.6852
43972,40.014584,-82.966833,59,2.7120
43972,40.013678,-82.967404,60,2.8252
43972,40.013003,-82.967819,61,2.9080
43972,40.012896,-82.967884,62,2.9210
43972,40.012171,-82.968327,63,3.0113
43972,40.011356,-82.968822,64,3.1116
43972,40.011151,-82.968948,65,3.1371
43972,40.011115,-82.968970,66,3.1412
43972,40.010542,-82.969322,67,3.2119
43972,40.010308,-82.969466,68,3.2405
43972,40.010181,-82.969538,69,3.2571
43972,40.009719,-82.969827,70,3.3134
43972,40.009456,-82.969987,71,3.3465
43972,40.008896,-82.970326,72,3.4146
43972,40.008857,-82.970350,73,3.4199
43972,40.008052,-82.970847,74,3.5197
43972,40.007236,-82.971350,75,3.6199
43972,40.007113,-82.971427,76,3.6356
43972,40.006276,-82.971936,77,3.7389
43972,40.005433,-82.972451,78,3.8427
43972,40.004759,-82.972862,79,3.9264
43972,40.004636,-82.972937,80,3.9407
43972,40.003954,-82.973378,81,4.0261
43972,40.003846,-82.973449,82,4.0396
43972,40.003302,-82.973792,83,4.1071
43972,40.003183,-82.973870,84,4.1219
43972,40.003055,-82.973953,85,4.1384
43972,40.002345,-82.974410,86,4.2265
43972,40.002255,-82.974476,87,4.2377
43972,40.002126,-82.974552,88,4.2542
43972,40.001326,-82.975069,89,4.3535
43972,40.000351,-82.975696,90,4.4747
43972,39.999594,-82.976182,91,4.5691
43972,39.999437,-82.976291,92,4.5892
43972,39.998744,-82.976727,93,4.6747
43972,39.998581,-82.976830,94,4.6957
43972,39.998065,-82.977165,95,4.7596
43972,39.997886,-82.977313,96,4.7830
43972,39.997336,-82.977878,97,4.8614
43972,39.996981,-82.978255,98,4.9126
43972,39.996849,-82.978401,99,4.9310
43972,39.995997,-82.979292,100,5.0535
43972,39.995731,-82.979576,101,5.0919
43972,39.995433,-82.979884,102,5.1339
43972,39.995084,-82.980248,103,5.1837
43972,39.993742,-82.981671,104,5.3764
43972,39.993708,-82.981706,105,5.3809
43972,39.993297,-82.982128,106,5.4393
43972,39.992798,-82.982663,107,5.5118
43972,39.991844,-82.983670,108,5.6485
43972,39.991410,-82.984110,109,5.7091
43972,39.991343,-82.984178,110,5.7191
43972,39.990648,-82.984879,111,5.8169
43972,39.990528,-82.985002,112,5.8339
43972,39.990188,-82.985360,113,5.8823
43972,39.989939,-82.985613,114,5.9179
43972,39.989304,-82.986282,115,6.0083
43972,39.989019,-82.986566,116,6.0483
43972,39.988142,-82.987462,117,6.1724
43972,39.988009,-82.987603,118,6.1916
43972,39.987437,-82.988176,119,6.2722
43972,39.986982,-82.988636,120,6.3364
43972,39.986555,-82.989071,121,6.3970
43972,39.986452,-82.989151,122,6.4100
43972,39.985494,-82.989232,123,6.5182
43972,39.984343,-82.989320,124,6.6464
43972,39.983478,-82.989392,125,6.7436
43972,39.983053,-82.989422,126,6.7917
43972,39.982645,-82.989451,127,6.8378
43972,39.982244,-82.989491,128,6.8829
43972,39.981805,-82.989523,129,6.9320
43972,39.981024,-82.989583,130,7.0191
43972,39.980768,-82.989605,131,7.0482
43972,39.980352,-82.989641,132,7.0953
43972,39.980108,-82.989665,133,7.1224
43972,39.979874,-82.989676,134,7.1484
43972,39.979663,-82.989697,135,7.1725
43972,39.978778,-82.989765,136,7.2717
43972,39.978565,-82.989777,137,7.2957
43972,39.977511,-82.989864,138,7.4139
43972,39.974329,-82.990095,139,7.7705
43972,39.973437,-82.990162,140,7.8706
43972,39.972512,-82.990235,141,7.9749
43972,39.972298,-82.990250,142,7.9989
43972,39.971982,-82.990278,143,8.0339
43972,39.971781,-82.990296,144,8.0570
43972,39.971687,-82.990305,145,8.0671
43972,39.971548,-82.990315,146,8.0831
43972,39.971336,-82.990333,147,8.1072
43972,39.971065,-82.990351,148,8.1372
43972,39.970512,-82.990392,149,8.1993
43972,39.970377,-82.990401,150,8.2143
43972,39.969865,-82.990439,151,8.2724
43972,39.969261,-82.990486,152,8.3395
43972,39.969151,-82.990507,153,8.3527
43972,39.968595,-82.990553,154,8.4148
43972,39.967837,-82.990608,155,8.5000
43972,39.967451,-82.990636,156,8.5430
43972,39.967438,-82.990700,157,8.5491
43972,39.967329,-82.991259,158,8.5979
43972,39.967228,-82.991810,159,8.6461
43972,39.967191,-82.992117,160,8.6724
43972,39.967154,-82.992433,161,8.6987
43972,39.967081,-82.993066,162,8.7533
43972,39.966946,-82.994300,163,8.8594
43972,39.966792,-82.995637,164,8.9737
43972,39.966735,-82.996178,165,9.0202
43972,39.966733,-82.996192,166,9.0212
43972,39.966736,-82.996247,167,9.0253
43972,39.966740,-82.996311,168,9.0313
43972,39.966740,-82.996505,169,9.0473
43972,39.966801,-82.997038,170,9.0929
43972,39.966698,-82.997902,171,9.1678
43972,39.966598,-82.998764,172,9.2407
43972,39.966425,-83.000260,173,9.3691
43972,39.966398,-83.000530,174,9.3923
43972,39.966342,-83.000994,175,9.4317
43972,39.966294,-83.001434,176,9.4701
43972,39.965625,-83.001302,177,9.5459
43972,39.964951,-83.001174,178,9.6227
43972,39.964290,-83.001047,179,9.6975
43972,39.963617,-83.000916,180,9.7723
43972,39.962952,-83.000786,181,9.8481
43972,39.962237,-83.000647,182,9.9288
43972,39.961687,-83.000534,183,9.9916
43972,39.960157,-83.000249,184,10.1643
43972,39.959505,-83.000129,185,10.2380
43972,39.958819,-82.999988,186,10.3159
43972,39.958156,-82.999857,187,10.3907
43972,39.957792,-82.999787,188,10.4320
43972,39.957494,-82.999727,189,10.4664
43972,39.957021,-82.999639,190,10.5200
43972,39.956758,-82.999592,191,10.5493
43972,39.956154,-82.999472,192,10.6180
43972,39.955481,-82.999345,193,10.6938
43972,39.954811,-82.999214,194,10.7696
43972,39.953485,-82.998955,195,10.9201
43972,39.953407,-82.998937,196,10.9293
43972,39.953352,-82.998931,197,10.9353
43972,39.953177,-82.998901,198,10.9545
43972,39.953102,-82.998886,199,10.9636
43972,39.952951,-82.998863,200,10.9807
43972,39.952782,-82.998825,201,11.0000
43972,39.952632,-82.998795,202,11.0162
43972,39.952575,-82.998788,203,11.0232
43972,39.952695,-82.997888,204,11.1005
43972,39.952812,-82.997054,205,11.1727
43972,39.952800,-82.996277,206,11.2387
43972,39.952776,-82.996111,207,11.2530
43972,39.952769,-82.996107,208,11.2530
43972,39.952734,-82.995207,209,11.3291
43972,39.952742,-82.995211,210,11.3291
43972,39.952710,-82.995155,211,11.3350
43972,39.952706,-82.995084,212,11.3411
43972,39.952699,-82.994776,213,11.3671
43972,39.952682,-82.994425,214,11.3971
43972,39.952669,-82.994104,215,11.4242
43972,39.952684,-82.993794,216,11.4503
43972,39.952668,-82.993427,217,11.4813
43972,39.952650,-82.993085,218,11.5104
43972,39.952637,-82.992790,219,11.5355
43972,39.952629,-82.992786,220,11.5355
43972,39.952612,-82.992436,221,11.5656
43972,39.952620,-82.992440,222,11.5656
43972,39.952607,-82.992090,223,11.5946
43972,39.952580,-82.991508,224,11.6447
43972,39.952549,-82.990825,225,11.7028
43972,39.952464,-82.988983,226,11.8581
43972,39.952387,-82.987229,227,12.0073
43972,39.952361,-82.986599,228,12.0604
43972,39.952333,-82.985979,229,12.1135
43972,39.952292,-82.985091,230,12.1887
43972,39.952258,-82.984363,231,12.2508
43972,39.952231,-82.983781,232,12.2999
43972,39.952165,-82.982400,233,12.4172
43972,39.952102,-82.982243,234,12.4319
43972,39.951921,-82.981538,235,12.4952
43972,39.951744,-82.980947,236,12.5490
43972,39.951582,-82.980391,237,12.5994
43972,39.951401,-82.979754,238,12.6573
43972,39.951224,-82.979144,239,12.7117
43972,39.951059,-82.978576,240,12.7643
43972,39.950890,-82.977988,241,12.8168
43972,39.950762,-82.977557,242,12.8564
43972,39.950703,-82.977380,243,12.8729
43972,39.950542,-82.976978,244,12.9114
43972,39.950431,-82.976689,245,12.9387
43972,39.950406,-82.976629,246,12.9441
43972,39.950223,-82.976160,247,12.9893
43972,39.949997,-82.975575,248,13.0452
43972,39.949952,-82.975386,249,13.0619
43972,39.949942,-82.975270,250,13.0710
43972,39.949933,-82.975081,251,13.0870
43972,39.949887,-82.974014,252,13.1782
43972,39.949880,-82.973906,253,13.1873
43972,39.949856,-82.973406,254,13.2293
43972,39.949834,-82.972947,255,13.2684
43972,39.949829,-82.972828,256,13.2784
43972,39.949762,-82.971493,257,13.3917
43972,39.949694,-82.970097,258,13.5100
43972,39.949629,-82.968816,259,13.6192
43972,39.949596,-82.968100,260,13.6803
43972,39.949560,-82.967308,261,13.7475
43972,39.949488,-82.965889,262,13.8677
43972,39.949484,-82.965794,263,13.8758
43972,39.949434,-82.964748,264,13.9639
43972,39.949422,-82.964496,265,13.9860
43972,39.949386,-82.963688,266,14.0541
43972,39.949375,-82.963459,267,14.0742
43972,39.949362,-82.963186,268,14.0973
43972,39.949359,-82.963150,269,14.1003
43972,39.949300,-82.961978,270,14.1995
43972,39.949272,-82.961392,271,14.2496
43972,39.949243,-82.960781,272,14.3007
43972,39.949223,-82.960381,273,14.3347
43972,39.949168,-82.959264,274,14.4300
43972,39.949114,-82.958169,275,14.5222
43972,39.949054,-82.956979,276,14.6234
43972,39.949006,-82.955962,277,14.7096
43972,39.948968,-82.955185,278,14.7757
43972,39.948951,-82.954819,279,14.8068
43972,39.948896,-82.953721,280,14.9000
43972,39.948891,-82.953622,281,14.9090
43972,39.948864,-82.953168,282,14.9471
43972,39.948797,-82.951865,283,15.0574
43972,39.948671,-82.949364,284,15.2699
43972,39.948656,-82.949070,285,15.2950
43972,39.948582,-82.947678,286,15.4132
43972,39.948564,-82.947326,287,15.4433
43972,39.948528,-82.946635,288,15.5015
43972,39.948457,-82.945251,289,15.6187
43972,39.948381,-82.943937,290,15.7311
43972,39.948375,-82.943703,291,15.7501
43972,39.948366,-82.943524,292,15.7661
43972,39.948342,-82.943039,293,15.8073
43972,39.948314,-82.942467,294,15.8553
43972,39.948231,-82.940680,295,16.0066
43972,39.948189,-82.939726,296,16.0878
43972,39.948139,-82.938655,297,16.1790
43972,39.948131,-82.938651,298,16.1790
43972,39.948062,-82.937179,299,16.3042
43972,39.947981,-82.935650,300,16.4335
43972,39.947989,-82.935654,301,16.4335
43972,39.947953,-82.935078,302,16.4827
43972,39.947903,-82.934245,303,16.5529
43972,39.947870,-82.933610,304,16.6070
43972,39.947840,-82.933044,305,16.6551
43972,39.947774,-82.931874,306,16.7544
43972,39.947709,-82.930684,307,16.8557
43972,39.947643,-82.929492,308,16.9570
43972,39.947580,-82.928282,309,17.0592
43972,39.947511,-82.927034,310,17.1655
43972,39.947455,-82.925893,311,17.2627
43972,39.947359,-82.924095,312,17.4151
43972,39.947239,-82.921942,313,17.5976
43972,39.947175,-82.920716,314,17.7019
43972,39.947111,-82.919486,315,17.8061
43972,39.947042,-82.918334,316,17.9045
43972,39.946982,-82.917193,317,18.0006
43972,39.946902,-82.915990,318,18.1030
43972,39.946879,-82.915540,319,18.1412
43972,39.946877,-82.915489,320,18.1462
43972,39.946769,-82.913281,321,18.3336
43972,39.946746,-82.912831,322,18.3717
43972,39.946713,-82.912190,323,18.4258
43972,39.946649,-82.911015,324,18.5261
43972,39.946622,-82.910492,325,18.5702
43972,39.946588,-82.909844,326,18.6253
43972,39.946527,-82.908665,327,18.7255
43972,39.946493,-82.908009,328,18.7807
43972,39.946438,-82.906969,329,18.8689
43972,39.946405,-82.906318,330,18.9240
43972,39.946347,-82.905336,331,19.0073
43972,39.946288,-82.904352,332,19.0916
43972,39.946171,-82.902289,333,19.2670
43972,39.946103,-82.901249,334,19.3554
43972,39.946079,-82.900840,335,19.3895
43972,39.945994,-82.899233,336,19.5258
43972,39.945944,-82.898334,337,19.6021
43972,39.945892,-82.897203,338,19.6982
43972,39.945878,-82.896896,339,19.7243
43972,39.945818,-82.895683,340,19.8275
43972,39.945756,-82.894487,341,19.9287
43972,39.945707,-82.893639,342,20.0009
43972,39.945634,-82.892405,343,20.1062
43972,39.945595,-82.891738,344,20.1624
43972,39.945567,-82.891254,345,20.2036
43972,39.945434,-82.888995,346,20.3951
43972,39.945347,-82.887422,347,20.5295
43972,39.945311,-82.886797,348,20.5817
43972,39.945237,-82.885507,349,20.6920
43972,39.945103,-82.883137,350,20.8925
43972,39.944890,-82.879468,351,21.2044
43972,39.944869,-82.879089,352,21.2365
43972,39.944801,-82.877950,353,21.3338
43972,39.944794,-82.877817,354,21.3449
43972,39.944609,-82.874491,355,21.6277
43972,39.944524,-82.872938,356,21.7590
43972,39.944434,-82.871399,357,21.8904
43972,39.944331,-82.869635,358,22.0398
43972,39.944240,-82.868103,359,22.1702
43972,39.944173,-82.866828,360,22.2785
43972,39.944041,-82.864528,361,22.4730
43972,39.944002,-82.863819,362,22.5332
43972,39.943984,-82.863519,363,22.5593
43972,39.943794,-82.860312,364,22.8301
43972,39.943687,-82.858223,365,23.0075
43972,39.943557,-82.855804,366,23.2131
43972,39.943468,-82.854182,367,23.3514
43972,39.943435,-82.853647,368,23.3965
43972,39.943424,-82.853111,369,23.4416
43972,39.943291,-82.851010,370,23.6202
43972,39.943269,-82.850673,371,23.6493
43972,39.943234,-82.850122,372,23.6965
43972,39.943161,-82.848806,373,23.8078
43972,39.943148,-82.848544,374,23.8298
43972,39.943139,-82.848266,375,23.8538
43972,39.943130,-82.847868,376,23.8869
43972,39.943130,-82.846976,377,23.9629
43972,39.943133,-82.846728,378,23.9839
43972,39.943131,-82.846527,379,24.0009
43972,39.943132,-82.846282,380,24.0219
43972,39.943131,-82.845936,381,24.0509
43972,39.943120,-82.845332,382,24.1019
43972,39.943120,-82.844978,383,24.1319
43972,39.943135,-82.843750,384,24.2359
43972,39.943134,-82.843466,385,24.2599
43972,39.943140,-82.842974,386,24.3019
43972,39.943141,-82.842592,387,24.3339
43972,39.943133,-82.842321,388,24.3569
43972,39.943126,-82.842000,389,24.3839
43972,39.943114,-82.841723,390,24.4079
43972,39.943077,-82.841353,391,24.4392
43972,39.943023,-82.840887,392,24.4796
43972,39.942993,-82.840682,393,24.4971
43972,39.942951,-82.840417,394,24.5195
43972,39.942826,-82.839769,395,24.5762
43972,39.942725,-82.839248,396,24.6218
43972,39.942597,-82.838360,397,24.6991
43972,39.942569,-82.838101,398,24.7213
43972,39.942552,-82.837919,399,24.7364
43972,39.942521,-82.837630,400,24.7606
43972,39.942503,-82.837452,401,24.7768
43972,39.942433,-82.836344,402,24.8701
43972,39.942419,-82.836013,403,24.8982
43972,39.942405,-82.835836,404,24.9132
43972,39.942321,-82.834367,405,25.0386
43972,39.942254,-82.833136,406,25.1428
43972,39.942223,-82.832631,407,25.1860
43972,39.942090,-82.830505,408,25.3666
43972,39.942051,-82.829896,409,25.4188
43972,39.941379,-82.829962,410,25.4940
43972,39.940332,-82.830065,411,25.6114
43972,39.938503,-82.830231,412,25.8169
43972,39.938389,-82.830245,413,25.8299
43972,39.938379,-82.830062,414,25.8459
43972,39.938371,-82.829905,415,25.8590
43972,39.938332,-82.829168,416,25.9212
43972,39.938263,-82.827741,417,26.0424
43972,39.938260,-82.827636,418,26.0514
43972,39.938369,-82.827599,419,26.0648
43972,39.938383,-82.827593,420,26.0662
43972,39.938614,-82.827500,421,26.0934
43972,39.938902,-82.827344,422,26.1279
43972,39.939008,-82.827267,423,26.1414
43972,39.939115,-82.827189,424,26.1552
43972,39.939263,-82.827055,425,26.1755
43972,39.939343,-82.827222,426,26.1921
43972,39.939339,-82.827312,427,26.2002
43972,39.939297,-82.827412,428,26.2091
43972,39.939212,-82.827457,429,26.2199